B = [1; 3; 5; 7]

H = [1 8 15 22; 2 9 16 23; 3 10 17 24; 4 11 18 25; 5 12 19 26; 6 13 20 27; 7 14 21 28]

e = [1 2 3 4 5 6 7 8 9 10]

F = H(1:4, 1:3)
I = H(4:7, 2:4)
